W1 (4x3):
[[-0.40661606 -0.00188069 -0.27305743]
 [-0.54930565 -0.53451795  0.86774828]
 [-0.97491903 -0.58112372  0.23936213]
 [-0.41705118 -0.14544574  0.22007276]
 [ 0.96222377 -0.6724977  -0.3725528 ]
 [ 0.14002818  0.56500071  0.51736451]]

b1 (3):
[1.06947124 2.13054991 1.85760259]

W2 (3x2):
[[ 0.11568191  0.94673908]
 [ 0.17328365  1.34232204]
 [-0.33309524  0.87722197]]

b2 (2):
[-0.59981388  2.97519242]

W1 quantized:
[-53, 0, -36, -72, -70, 113, -127, -76, 31, -54, -19, 29, 125, -88, -49, 18, 74, 67]

b1 quantized:
[64, 127, 111]

W2 quantized:
[11, 90, 16, 127, -32, 83]

b2 quantized:
[-26, 127]
