W1 (4x3):
[[-0.23940235  0.2509807   0.25463869 -0.09826213]
 [-0.06458081  0.70962546 -1.02766865 -0.17740089]
 [ 1.04792887 -0.6662586  -0.04180133 -0.21790139]
 [ 0.97899085 -0.28771144 -0.05782413  0.05852265]
 [ 1.42877334  0.72169617 -1.12133878  0.12962865]
 [ 0.76310265  0.59551626 -0.17543562  0.47518396]]

b1 (3):
[ 0.98835506 -0.95487293  1.64289097 -1.97280506]

W2 (3x2):
[[-3.67466608e-01  7.99865978e-01]
 [ 8.18010252e-01  3.48689288e-02]
 [-1.96806499e-04  1.05908836e+00]
 [ 1.97558582e-01 -9.88380218e-01]]

b2 (2):
[0.08557069 6.71208865]

W1 quantized:
[-21, 22, 23, -9, -6, 63, -91, -16, 93, -59, -4, -19, 87, -26, -5, 5, 127, 64, -100, 12, 68, 53, -16, 42]

b1 quantized:
[64, -61, 106, -127]

W2 quantized:
[-44, 96, 98, 4, 0, 127, 24, -119]

b2 quantized:
[2, 127]
